91 185
-14 211
-1 271
-7 280
-32 119
11 125
-5 149
55 255
22 164
39 205
-66 192
-22 200
-11 284
-11 234
-32 297
88 197
-18 212
-54 118
-17 240
-64 252
96 247
-86 191
-67 106
-16 256
8 124
-1 242
54 277
-57 144
99 270
78 205
67 267
-98 149
17 185
5 101
-38 241
90 196
25 104
88 259
-51 210
53 257
72 189
0 226
-33 281
-92 167
51 286
72 218
91 111
-95 208
34 211
46 297
-11 273
-6 115
-84 220
-88 165
-33 103
-78 177
-7 260
-59 297
41 149
2 192
-27 211
-52 164
23 153
-91 195
-98 293
29 229
67 161
82 283
-82 294
-14 186
-65 208
-100 228
5 142
26 147
-8 128
76 265
77 162
-33 238
53 214
-67 255
8 263
21 212
-76 204
-4 180
-1 119
66 271
65 267
-1 171
-53 163
18 239
28 232
42 206
94 147
-56 248
61 178
40 170
-21 162
-80 241
66 216
-79 203
36 125
-26 201
-70 111
-90 177
-26 265
-47 140
-3 133
46 229
-20 128
15 142
44 155
49 124
55 269
-98 259
23 161
-38 196
24 274
-65 291
-77 145
-32 234
-90 259
75 246
92 259
-25 210
88 290
52 233
-17 239
94 139
8 134
99 169
-4 199
65 157
11 138
-51 234
-17 255
6 232
15 182
-22 245
-59 291
-45 167
81 145
-100 203
84 132
42 193
-33 279
99 101
16 265
-41 127
-97 246
98 224
1 205
-43 117
-76 272
99 203
63 155
71 282
0 109
22 185
-58 202
-85 247
-18 115
85 135
-83 182
-1 158
-72 198
83 230
-60 178
84 202
-13 284
-94 188
-24 114
8 277
-77 131
0 202
34 216
-50 153
68 135
-12 124
18 288
-17 283
24 204
14 102
-81 235
5 207
19 248
96 133
62 241
-89 286
73 249
-11 207
3 276
60 171
-51 186
-4 105
12 116
89 137
20 240
-24 277
-24 281
-15 133
