85 100
77 94
75 88
67 86
57 86
52 80
51 80
55 89
57 95
59 100
47 93
46 91
43 87
44 100
35 94
31 91
27 88
34 89
37 82
40 83
39 80
40 75
46 72
50 75
50 69
51 69
54 70
54 72
55 72
60 74
61 69
59 66
53 68
57 57
61 59
62 55
63 49
67 52
69 51
71 57
78 53
77 56
77 57
79 60
84 58
84 55
88 53
91 63
94 69
92 72
79 69
82 77
75 79
74 79
77 83
80 88
83 86
87 81
93 90
93 96
94 98
97 94
96 85
100 84
98 83
97 81
96 78
96 75
96 70
99 60
93 53
95 53
96 52
96 51
99 44
95 45
89 46
91 42
92 38
92 37
82 35
80 37
73 45
73 45
72 41
72 41
72 34
74 28
85 27
95 31
97 29
94 14
100 14
99 -7
97 -14
100 -19
91 -18
93 -16
93 -13
96 -9
95 -9
90 -7
89 -8
85 -10
87 -5
87 -2
89 -2
89 -1
86 1
82 -4
81 -5
75 -7
74 -12
75 -13
76 -11
80 -15
88 -18
88 -24
86 -25
85 -25
88 -27
86 -28
87 -30
88 -28
89 -29
91 -28
99 -35
96 -38
95 -38
95 -38
97 -49
97 -49
94 -53
94 -53
91 -51
81 -53
80 -52
80 -49
84 -48
76 -44
76 -42
83 -38
83 -38
84 -31
78 -30
77 -29
76 -26
69 -27
65 -30
69 -38
68 -38
64 -39
61 -41
58 -44
54 -45
57 -46
61 -54
60 -61
57 -67
55 -71
48 -71
48 -66
48 -61
49 -59
53 -58
51 -52
53 -52
66 -57
69 -50
74 -49
77 -52
78 -57
86 -59
90 -59
87 -69
91 -71
93 -71
95 -71
100 -80
97 -90
98 -93
95 -92
85 -90
86 -91
90 -99
89 -100
88 -100
85 -99
79 -93
72 -98
67 -97
52 -99
56 -95
56 -92
56 -91
57 -91
64 -90
70 -82
74 -83
72 -89
75 -86
78 -78
75 -77
69 -76
57 -77
55 -77
53 -77
51 -79
51 -78
48 -75
46 -80
42 -82
52 -85
54 -91
52 -91
49 -93
45 -91
40 -87
31 -86
33 -93
41 -100
28 -97
27 -98
26 -98
17 -96
16 -90
31 -79
40 -69
39 -60
46 -54
44 -49
47 -43
40 -38
36 -46
35 -48
32 -50
27 -45
28 -54
25 -56
25 -60
34 -61
37 -62
35 -64
32 -68
22 -67
20 -73
18 -78
14 -79
9 -80
7 -88
6 -91
10 -100
-6 -100
-5 -98
-2 -94
-11 -99
-14 -94
-10 -81
-10 -77
-16 -73
-18 -77
-18 -80
-25 -77
-28 -71
-28 -69
-24 -71
-24 -72
-23 -75
-22 -75
-21 -72
-21 -70
-25 -62
-26 -61
-32 -57
-36 -50
-35 -45
-40 -39
-40 -29
-37 -30
-39 -29
-40 -25
-45 -24
-44 -17
-42 -17
-42 -13
-45 -11
-45 -12
-50 -15
-52 -14
-53 -19
-48 -25
-53 -31
-60 -28
-62 -27
-65 -23
-60 -37
-61 -43
-57 -42
-56 -41
-56 -38
-43 -37
-43 -38
-53 -45
-52 -46
-54 -48
-53 -50
-55 -54
-53 -60
-64 -62
-54 -66
-49 -65
-45 -60
-37 -65
-52 -74
-50 -74
-42 -76
-43 -80
-43 -81
-43 -86
-38 -91
-30 -82
-29 -81
-23 -83
-21 -88
-22 -93
-35 -100
-44 -95
-46 -93
-47 -91
-50 -93
-50 -84
-55 -82
-57 -77
-60 -79
-59 -87
-58 -98
-63 -95
-67 -92
-68 -92
-68 -93
-70 -98
-78 -96
-80 -100
-89 -92
-93 -93
-95 -94
-95 -96
-98 -98
-100 -95
-98 -92
-99 -88
-94 -83
-100 -78
-94 -77
-94 -75
-95 -69
-91 -66
-88 -76
-81 -73
-77 -80
-63 -79
-63 -73
-64 -72
-64 -68
-64 -67
-65 -65
-73 -62
-70 -59
-72 -56
-72 -52
-75 -53
-76 -52
-87 -58
-86 -62
-79 -56
-80 -50
-78 -47
-74 -39
-67 -38
-64 -35
-69 -30
-72 -29
-71 -34
-72 -35
-76 -37
-88 -41
-93 -47
-95 -47
-97 -49
-99 -49
-100 -46
-95 -45
-95 -42
-93 -40
-96 -38
-93 -38
-79 -33
-87 -26
-87 -22
-91 -20
-96 -21
-93 -18
-94 -9
-93 -5
-91 -3
-90 5
-92 5
-100 5
-99 16
-96 19
-86 18
-81 21
-86 28
-97 26
-99 25
-98 41
-99 50
-90 60
-87 62
-87 67
-87 71
-98 74
-93 77
-94 86
-92 90
-89 90
-85 90
-87 95
-94 98
-95 99
-100 96
-97 100
-87 100
-79 99
-77 98
-82 95
-79 88
-85 80
-85 80
-86 80
-84 78
-78 76
-70 83
-71 83
-71 79
-69 79
-65 79
-59 82
-62 89
-65 85
-67 87
-67 91
-76 93
-65 95
-60 96
-59 93
-52 94
-46 98
-43 99
-34 100
-23 96
-25 88
-28 86
-34 78
-31 78
-30 75
-26 76
-20 68
-15 66
-21 61
-19 59
-11 59
-8 59
-2 62
-2 57
-10 53
-16 54
-21 55
-25 51
-26 49
-32 43
-40 45
-37 49
-38 56
-47 58
-50 58
-50 55
-52 48
-53 55
-56 58
-55 60
-57 64
-51 62
-51 64
-52 65
-51 73
-47 70
-45 74
-41 74
-38 78
-44 90
-52 91
-47 87
-50 82
-54 81
-52 74
-66 75
-67 71
-71 75
-71 73
-80 74
-79 71
-81 66
-82 61
-79 55
-73 60
-71 63
-70 62
-67 59
-65 60
-60 53
-61 54
-59 48
-59 46
-59 46
-50 40
-46 41
-46 38
-48 36
-62 38
-63 38
-63 37
-67 39
-62 43
-66 44
-68 47
-71 51
-73 50
-75 49
-86 46
-93 41
-90 33
-82 28
-78 31
-73 29
-74 26
-76 21
-83 12
-85 11
-82 5
-80 5
-75 11
-72 11
-72 10
-73 9
-74 2
-74 0
-75 -1
-82 -5
-76 -7
-74 -5
-74 -5
-74 -8
-73 -9
-71 -10
-72 -12
-74 -16
-76 -20
-74 -22
-69 -16
-66 -6
-66 -1
-62 -2
-60 -1
-55 -1
-64 3
-62 12
-66 13
-71 18
-70 20
-70 22
-70 24
-57 22
-57 25
-51 26
-45 30
-42 30
-42 28
-47 24
-47 23
-56 18
-56 12
-53 8
-51 9
-45 -4
-40 -6
-31 -7
-34 -4
-35 2
-38 7
-37 8
-35 11
-37 13
-35 13
-30 17
-36 21
-38 22
-36 25
-35 25
-32 28
-27 27
-25 24
-23 19
-16 24
-19 32
-14 27
-10 24
-12 17
-8 23
-6 25
-1 30
-4 32
-8 33
-18 40
-20 40
-20 41
-20 42
-22 41
-22 46
-15 43
-10 45
-9 45
-9 47
-4 47
0 47
2 50
6 49
8 46
13 50
17 52
22 57
25 55
29 59
28 60
27 59
25 62
19 67
17 70
10 74
11 66
13 67
14 65
14 62
10 60
8 60
7 59
4 69
1 77
6 80
2 86
-5 78
-6 76
-9 77
-16 73
-15 80
-16 82
-10 84
-15 89
-15 91
-11 96
-7 97
-5 98
-3 96
-2 100
0 98
2 97
5 97
3 94
7 89
10 88
13 84
15 86
15 100
20 88
19 87
21 82
23 80
29 80
30 77
27 71
29 67
31 64
30 63
31 61
35 58
35 56
38 58
40 59
42 48
43 52
46 55
53 55
54 50
55 49
56 44
48 40
48 35
38 41
31 41
30 39
25 40
18 39
18 40
21 42
20 46
20 50
18 49
14 48
12 39
7 36
3 40
0 40
-2 41
-3 40
-3 38
4 32
8 30
16 27
13 29
18 28
21 30
17 23
13 22
16 20
16 13
17 17
18 19
30 19
33 14
40 14
41 8
45 0
46 -1
52 1
52 7
47 13
58 23
57 27
54 25
51 21
39 20
34 22
33 24
37 28
38 32
42 30
46 29
56 33
68 35
64 30
66 23
62 20
57 15
62 10
67 10
66 13
70 20
73 21
84 22
83 15
85 14
84 12
77 9
74 10
73 8
71 1
57 -2
60 -9
61 -11
67 -9
69 -5
70 -7
68 -9
70 -14
69 -15
65 -19
59 -16
58 -17
56 -20
62 -20
61 -28
58 -32
57 -32
55 -30
53 -29
55 -25
46 -26
45 -26
47 -30
42 -35
42 -32
40 -28
48 -16
45 -12
40 -12
37 -9
26 -6
25 -4
26 4
28 6
28 8
29 5
24 2
15 -3
16 4
18 4
20 6
17 6
15 11
11 6
7 10
7 13
3 23
3 16
2 11
4 9
4 9
2 6
-1 4
0 -1
-5 -4
7 -13
1 -14
-3 -12
-3 -12
-5 -10
-7 -8
-10 -1
-13 2
-13 7
-10 12
-11 8
-15 10
-23 5
-31 5
-28 -3
-28 -5
-30 -5
-28 -7
-27 -11
-20 -12
-15 -16
-16 -21
-7 -24
-9 -26
-10 -29
-9 -35
-8 -36
-3 -33
5 -36
6 -27
2 -24
-3 -21
-4 -20
1 -21
2 -20
6 -21
8 -17
7 -15
15 -18
11 -14
16 -17
21 -20
22 -21
25 -19
27 -20
27 -21
36 -22
33 -24
27 -29
30 -32
28 -35
26 -34
23 -34
21 -31
19 -30
16 -34
23 -38
16 -42
15 -42
4 -44
2 -44
3 -46
-4 -49
-2 -58
5 -56
5 -52
4 -51
10 -50
10 -52
14 -56
15 -56
12 -59
13 -62
12 -62
8 -61
9 -69
9 -71
10 -73
4 -73
4 -74
4 -76
-4 -77
-2 -74
-2 -69
-7 -70
-6 -64
-19 -64
-17 -58
-18 -55
-12 -51
-15 -47
-17 -48
-18 -44
-23 -43
-28 -47
-28 -41
-25 -40
-27 -36
-26 -34
-24 -34
-17 -30
-22 -32
-22 -32
-27 -29
-29 -28
-30 -25
-31 -23
-33 -23
-28 -18
-32 -13
-37 -17
-40 -18
