99 101
91 111
84 132
85 135
89 137
96 133
94 139
94 147
81 145
68 135
49 124
36 125
25 104
14 102
5 101
-4 105
0 109
12 116
11 125
8 124
-1 119
-6 115
-8 128
-3 133
-15 133
-20 128
-12 124
-18 115
-24 114
-33 103
-32 119
-41 127
-43 117
-54 118
-67 106
-70 111
-77 131
-77 145
-98 149
-88 165
-92 167
-90 177
-83 182
-78 177
-57 144
-47 140
-50 153
-53 163
-52 164
-45 167
-60 178
-66 192
-51 186
-38 196
-51 210
-58 202
-65 208
-72 198
-76 204
-79 203
-86 191
-94 188
-91 195
-100 203
-95 208
-84 220
-100 228
-97 246
-98 259
-89 286
-98 293
-82 294
-65 291
-59 297
-59 291
-76 272
-90 259
-85 247
-81 235
-80 241
-67 255
-64 252
-56 248
-51 234
-38 241
-33 238
-32 234
-11 234
-17 239
-17 240
-22 245
-17 255
-16 256
-26 265
-24 277
-33 279
-33 281
-32 297
-24 281
-17 283
-13 284
-11 284
-7 280
-11 273
-7 260
-1 271
3 276
8 277
18 288
24 274
16 265
8 263
19 248
20 240
18 239
-1 242
6 232
0 226
5 207
1 205
0 202
2 192
-4 199
-11 207
-14 211
-18 212
-25 210
-27 211
-26 201
-22 200
-14 186
-4 180
-1 171
-21 162
-1 158
-5 149
5 142
8 134
11 138
15 142
26 147
23 153
23 161
22 164
15 182
17 185
22 185
42 193
42 206
39 205
34 211
34 216
24 204
21 212
29 229
28 232
46 229
52 233
53 214
66 216
72 218
78 205
84 202
72 189
61 178
60 171
40 170
44 155
41 149
63 155
65 157
67 161
77 162
99 169
91 185
90 196
88 197
99 203
98 224
83 230
96 247
88 259
92 259
99 270
88 290
82 283
71 282
66 271
65 267
67 267
76 265
73 249
75 246
62 241
55 255
53 257
55 269
54 277
51 286
46 297
